 No    Ref    V       B-V     U-B

 0001    86  19.231   1.669         
 0001   438  19.324   1.436         
 0002    86  20.945   1.074         
 0003    86  20.123   1.699         
 0003   438  20.078   1.562         
 0004    86  18.934   1.487         
 0004   438  18.644   1.523         
 0005    86  18.884   1.544         
 0005   438  18.838   1.602         
 0006    86  14.143   0.705   0.062
 0006   438  14.076   0.739         
 0007    86  20.074   1.513         
 0007   438  20.110   1.589         
 0008    86  19.905   1.516         
 0008   438  19.866   1.662         
 0009    86  14.836   0.867   0.085
 0009   438  14.826   0.829         
 0010    86  17.571   1.140   0.680
 0010   438  17.549   1.128         
 0011    86  20.081   1.894         
 0011   438  20.358   1.239         
 0012    86  16.910   1.192   0.650
 0012   438  16.880   1.152         
 0013    86  18.464   1.302         
 0013   438  18.519   1.355         
 0014    86  18.398   1.636         
 0014   438  18.443   1.459         
 0015    86  17.761   1.527         
 0015   438  17.752   1.465         
 0016    86  19.554   1.584         
 0016   438  19.389   1.605         
 0017    86  19.365   1.639         
 0017   438  19.364   1.533         
 0018    86  11.844   0.546  -0.439
 0018   438  11.833   0.536         
 0019    86  19.160   1.849         
 0019   438  19.216   1.645         
 0020    86  18.511   1.324         
 0021    86  20.317   1.442         
 0022    86  18.554   1.526         
 0022   438  18.559   1.360         
 0023    86  19.559   1.453         
 0023   438  19.601   1.459         
 0024    86  17.640   1.325   1.026
 0024   438  17.676   1.282         
 0025    86  15.790   0.846   0.448
 0025   438  15.770   0.822         
 0026    86  19.502   1.644         
 0026   438  19.506   1.499         
 0027    86  17.456   1.307   0.618
 0027   438  17.457   1.248         
 0028    86  19.720   1.534         
 0028   438  19.731   1.429         
 0029    86  19.077   1.670         
 0029   438  19.130   1.669         
 0030    86  19.088   1.547         
 0030   438  19.193   1.227         
 0031    86  17.545   1.532   0.867
 0031   438  17.554   1.453         
 0032    86  18.838   1.527         
 0032   438  18.877   1.383         
 0033    86  16.648   0.940   0.726
 0033   438  16.640   0.906         
 0034    86  15.943   1.127   0.761
 0034   438  15.932   1.011         
 0035    86  19.036   1.521         
 0035   438  19.060   1.301         
 0036    86  16.993   1.017   0.610
 0036   438  16.994   0.977         
 0037    86  17.895   1.335   0.563
 0037   438  17.902   1.304         
 0038    86  18.379   1.313         
 0038   438  18.351   1.276         
 0039    86  20.419   1.689         
 0039   438  20.408   1.700         
 0040    86  14.065   0.652  -0.074
 0040   438  14.021   0.670         
 0041    86  17.012   1.063   0.619
 0041   438  17.033   0.987         
 0042    86  17.423   1.105   0.485
 0042   438  17.413   1.068         
 0043    86  15.728   0.863   0.658
 0043   438  15.730   0.813         
 0044    86  17.513   1.409   0.691
 0044   438  17.511   1.366         
 0045    86  18.680   1.372         
 0045   438  18.740   1.266         
 0046    86  12.961   0.633  -0.329
 0046   438  12.936   0.625         
 0047    86  15.408   0.781   0.393
 0047   438  15.375   0.752         
 0048    86  19.072   1.398  -0.177
 0048   438  19.144   1.532         
 0049    86  18.778   1.560         
 0049   438  18.734   1.566         
 0050    86  18.813   1.369         
 0050   438  18.748   1.573         
 0051    86  19.076   1.441         
 0051   438  19.125   1.374         
 0052    86  18.768   1.704         
 0052   438  18.801   1.432         
 0053    86  16.818   1.045   0.762
 0053   438  16.817   1.007         
 0054    86  18.213   1.315   0.714
 0055    86  18.709   1.478         
 0055   438  18.819   1.325         
 0056    86  20.129   1.763         
 0056   438  20.200   1.447         
 0057    86  18.572   1.367         
 0057   438  18.610   1.332         
 0058    86  16.598   1.011   0.673
 0058   438  16.568   0.983         
 0059    86  19.140   1.436         
 0059   438  19.122   1.541         
 0060    86  17.307   1.068   0.927
 0060   438  17.256   1.053         
 0061    86  15.853   1.006   0.612
 0061   438  15.848   0.961         
 0062    86  14.530   0.683  -0.084
 0062   438  14.519   0.644         
 0063    86  19.972   1.909         
 0064    86  17.637   1.372   0.848
 0064   438  17.575   1.449         
 0065    86  15.956   0.931   0.434
 0065   438  15.958   0.879         
 0066    86  14.506   0.743   0.127
 0066   438  14.506   0.697         
 0067    86  19.485   1.583         
 0067   438  19.471   1.625         
 0068    86  19.983   1.596         
 0068   438  20.099   1.404         
 0069    86  19.868   1.557         
 0069   438  19.892   1.668         
 0070    86  19.443   1.507         
 0070   438  19.392   1.809         
 0071    86  19.487   1.736         
 0071   438  19.489   1.792         
 0072    86  18.636   1.405         
 0072   438  18.653   1.340         
 0073    86  18.966   1.455         
 0073   438  18.887   1.500         
 0074    86  18.262   1.372         
 0074   438  18.297   1.249         
 0075    86  16.144   0.920   0.631
 0075   438  16.114   0.911         
 0076    86  13.879   0.735  -0.061
 0076   438  13.842   0.739         
 0077    86  18.856   1.558         
 0077   438  18.888   1.372         
 0078    86  17.593   1.266   0.821
 0078   438  17.714   1.250         
 0079    86  15.398   1.216   0.661
 0079   438  15.328   1.237         
 0080    86  16.428   1.074   0.870
 0080   438  16.416   1.047         
 0081    86  19.575   1.450         
 0081   438  19.390   1.950         
 0082    86  18.933   1.486         
 0082   438  18.961   1.464         
 0083    86  19.825   1.576         
 0083   438  19.830   1.587         
 0084    86  17.873   1.214         
 0084   438  18.358   1.374         
 0085    86  16.177   1.032   0.667
 0085   438  16.158   0.977         
 0086    86  19.900   1.615         
 0086   438  19.846   1.459         
 0087    86  20.356   1.507         
 0088    86  15.727   0.763   0.494
 0088   438  15.332   1.274         
 0089    86  16.035   1.134   0.717
 0089   438  16.005   1.049         
 0090    86  19.277   1.668         
 0090   438  19.310   1.366         
 0091    86  19.914   1.722         
 0091   438  20.093   1.540         
 0092    86  17.576   1.151   1.086
 0092   438  17.545   1.136         
 0093    86  15.839   0.801   0.489
 0093   438  15.803   0.782         
 0094    86  17.256   1.296   0.843
 0094   438  17.300   1.181         
 0095    86  19.403   1.679         
 0095   438  19.602   1.099         
 0096    86  11.451   0.581  -0.358
 0096   438  11.400   0.625         
 0097    86  18.592   1.502         
 0097   438  18.413   1.615         
 0098    86  17.887   1.859         
 0098   438  17.894   1.692         
 0099    86  20.377   1.698         
 0100    86  18.578   0.677         
 0101    86  19.510   0.639         
 0102    86  18.274   1.505         
 0102   438  18.267   1.516         
 0103    86  16.939   1.042   0.737
 0103   438  16.887   1.032         
 0104    86  18.345   1.265         
 0104   438  18.193   1.465         
 0105    86  18.139   1.200         
 0105   438  18.112   1.216         
 0106    86  13.577   0.695  -0.155
 0106   438  13.537   0.690         
 0107    86  14.041   0.768  -0.086
 0107   438  14.028   0.740         
 0108    86  19.646   1.419         
 0108   438  19.906   1.263         
 0109    86  15.976   1.092   0.670
 0109   438  15.914   1.056         
 0110    86  15.903   0.785   0.474
 0110   438  15.844   0.772         
 0111    86  20.133   1.023         
 0112    86  16.092   0.816   0.511
 0112   438  16.068   0.810         
 0113    86  18.466   1.339   0.689
 0113   438  18.315   1.575         
 0114    86  18.666   1.302         
 0114   438  18.639   1.281         
 0115    86  19.612   1.029         
 0115   438  19.203   1.826         
 0116    86  20.024   1.712         
 0116   438  20.063   1.710         
 0117    86  17.513   1.157   0.674
 0117   438  17.509   1.096         
 0118    86  19.993   2.039         
 0118   438  19.865   1.644         
 0119    86  16.513   1.025   0.819
 0119   438  16.507   0.971         
 0120    86  16.923   1.030   0.900
 0120   438  16.951   1.023         
 0121    86  17.150   1.202   0.660
 0121   438  17.148   1.142         
 0122    86  17.523   1.357   0.781
 0122   438  17.528   1.274         
 0123    86  16.008   0.947   0.534
 0123   438  16.000   0.887         
 0124    86  19.892   1.448         
 0125    86  16.583   0.981   0.859
 0125   438  16.576   0.934         
 0126    86  19.266   1.681         
 0126   438  19.269   1.605         
 0127    86  17.372   1.147   0.900
 0127   438  17.380   1.109         
 0128    86  16.094   1.137   0.621
 0128   438  16.084   1.073         
 0129    86  14.676   0.760   0.432
 0129   438  14.664   0.750         
 0130    86  20.753   1.846         
 0131    86  14.679   0.838   0.124
 0131   438  14.669   0.774         
 0132    86  15.177   0.901   0.311
 0132   438  15.176   0.883         
 0133    86  18.905   1.358         
 0133   438  18.868   1.280         
 0134    86  18.397   1.282         
 0134   438  18.373   1.419         
 0135    86  15.397   0.797   0.385
 0135   438  15.435   0.793         
 0136    86  19.714   2.091         
 0136   438  19.745   1.549         
 0137    86  18.873   1.563         
 0137   438  18.985   1.294         
 0138    86  18.000   1.344         
 0138   438  17.991   1.317         
 0139    86  20.738   1.569         
 0140    86  19.029   1.520         
 0141    86  19.066   1.436         
 0141   438  19.048   1.369         
 0142    86  18.640   1.373         
 0142   438  18.684   1.396         
 0143    86  16.173   0.870   0.576
 0143   438  16.160   0.847         
 0144    86  17.147   1.219   0.618
 0144   438  16.934   1.294         
 0145    86  17.952   1.397         
 0145   438  18.069   1.319         
 0146    86  19.373   1.794         
 0146   438  19.351   1.433         
 0147    86  18.142   1.688         
 0147   438  18.147   1.473         
 0148    86  18.002   1.397         
 0149    86  14.228   0.786   0.108
 0149   438  14.054   0.831         
 0150    86  16.379   0.953   0.559
 0150   438  16.381   0.941         
 0151    86  10.708   0.881  -0.223
 0151   438  10.718   0.817         
 0152    86  16.167   1.018   0.993
 0153    86  17.315   1.214   1.085
 0153   438  17.372   1.100         
 0154    86  16.227   0.913         
 0155    86  18.535   1.270         
 0156    86  17.925   1.610         
 0156   438  17.899   1.554         
 0157    86  19.520   1.547         
 0157   438  19.467   1.711         
 0158    86  16.293   1.091   0.745
 0158   438  16.292   1.055         
 0159    86  18.724   1.461         
 0159   438  18.779   1.553         
 0160    86  15.365   0.847   0.392
 0160   438  15.345   0.830         
 0161    86  14.773   0.715   0.144
 0161   438  14.785   0.660         
 0162    86  16.472   1.202   0.618
 0162   438  16.451   1.155         
 0163    86  18.756   1.483         
 0164    86  17.172   1.031   0.693
 0164   438  17.152   1.041         
 0165    86  14.424   0.720  -0.014
 0165   438  14.481   0.650         
 0166    86  12.694   0.726  -0.269
 0166   438  12.680   0.685         
 0167    86  18.762   1.507         
 0167   438  18.763   1.299         
 0168    86  18.902   1.613         
 0168   438  18.870   1.480         
 0169    86  15.175   0.821   0.274
 0169   438  15.193   0.773         
 0170    86  18.694   1.477         
 0170   438  18.701   1.347         
 0171    86  18.810   1.370         
 0172    86  18.356   1.351   0.469
 0172   438  18.264   1.288         
 0173    86  18.393   1.663         
 0173   438  18.361   1.723         
 0174    86  13.542   0.784   0.011
 0174   438  13.529   0.761         
 0175    86  17.235   1.097   0.859
 0175   438  17.221   1.040         
 0176    86  19.244   1.465         
 0176   438  19.221   1.454         
 0177    86  19.105   1.573         
 0177   438  19.210   1.562         
 0178    86  17.017   1.006   0.752
 0178   438  17.013   0.960         
 0179    86  18.821   1.446         
 0179   438  18.891   1.247         
 0180    86  18.311   2.828         
 0180   438  17.953   2.861         
 0181    86  16.942   0.987   0.730
 0181   438  16.854   1.052         
 0182    86  19.219   1.863         
 0182   438  19.187   1.712         
 0183    86  17.764   1.229         
 0183   438  17.856   1.396         
 0184    86  16.433   1.025   0.696
 0184   438  16.353   1.098         
 0185    86  15.273   0.833   0.167
 0185   438  15.279   0.795         
 0186    86  16.031   0.864   0.649
 0186   438  16.021   0.859         
 0187    86  15.426   0.928   0.312
 0187   438  15.405   0.895         
 0188    86  19.019   0.964         
 0189    86  15.813   0.943   0.695
 0189   438  15.820   0.888         
 0190    86  19.719   2.144         
 0191    86  16.768   0.979   0.737
 0191   438  16.759   0.968         
 0192    86  15.815   0.894   0.698
 0192   438  15.820   0.877         
 0193    86  13.175   0.851   0.053
 0193   438  13.141   0.819         
 0194    86  15.726   0.959   0.477
 0194   438  15.749   0.880         
 0195    86  18.724   1.342         
 0195   438  18.879   1.340         
 0196    86  18.323   1.560         
 0196   438  18.479   1.280         
 0197    86  17.205   1.301   0.664
 0197   438  17.186   1.269         
 0198    86  17.191   1.194         
 0199    86  15.940   1.020   0.427
 0199   438  15.958   0.961         
 0200    86  15.088   0.832   0.120
 0200   438  15.111   0.753         
 0201    86  16.801   1.039   0.933
 0201   438  16.842   1.009         
 0202    86  18.102   1.355         
 0202   438  18.110   1.274         
 0203    86  20.528   1.740         
 0204    86  14.837   0.715   0.089
 0204   438  14.750   0.756         
 0205    86  15.486   0.785   0.242
 0205   438  15.478   0.768         
 0206    86  20.077   1.769         
 0206   438  20.014   1.752         
 0207    86  18.325   1.375         
 0207   438  18.314   1.457         
 0208    86  16.347   0.951   0.588
 0208   438  16.344   1.198         
 0209    86  14.949   0.869   0.280
 0209   438  14.977   0.787         
 0210    86  20.042   1.863         
 0211    86  19.303   1.019         
 0212    86  20.367   1.809         
 0213    86  18.579   1.575         
 0213   438  18.592   1.500         
 0214    86  17.042   1.051   1.001
 0214   438  17.085   1.040         
 0215    86  17.842   1.217   0.932
 0215   438  17.899   1.126         
 0216    86  15.254   0.861   0.543
 0216   438  15.251   0.838         
 0217    86  18.758   1.484         
 0217   438  18.771   1.363         
 0218    86  15.408   0.809   0.313
 0218   438  15.400   0.773         
 0219    86  18.422   1.394   0.681
 0219   438  18.431   1.324         
 0220    86  17.834   1.207         
 0220   438  17.847   1.186         
 0221    86  12.237   0.827  -0.333
 0221   438  12.292   0.816         
 0222    86  17.682   1.404         
 0222   438  17.703   1.343         
 0223    86  16.513   0.975   0.760
 0223   438  16.595   0.868         
 0224    86  19.812   1.864         
 0224   438  20.000   1.638         
 0225    86  17.487   1.356         
 0226    86  20.086   1.286         
 0226   438  20.159   1.477         
 0227    86  16.266   0.993         
 0228    86  16.527   0.951   0.790
 0228   438  16.506   0.931         
 0229    86  16.210   0.866   0.544
 0229   438  16.217   0.817         
 0230    86  15.079   0.466   0.643
 0230   438  14.272   0.903         
 0231    86  13.377   0.804  -0.031
 0231   438  13.310   0.836         
 0232    86  12.595   0.930  -0.092
 0233    86  18.181   1.527   0.592
 0233   438  18.161   1.481         
 0234    86  19.991   1.726         
 0234   438  20.274   1.599         
 0235    86  13.321   0.767  -0.128
 0235   438  13.179   0.823         
 0236    86  15.129   0.805   0.245
 0236   438  15.118   0.787         
 0237    86  18.257   1.380         
 0238    86  14.048   0.808  -0.014
 0238   438  14.052   0.772         
 0239    86  18.625   1.289         
 0239   438  18.664   1.361         
 0240    86  12.113   0.775  -0.256
 0240   438  12.108   0.724         
 0241    86  18.964   1.608         
 0241   438  19.039   1.482         
 0242    86  17.070   1.233   0.637
 0242   438  17.097   1.062         
 0243    86  13.248   0.801  -0.160
 0243   438  13.206   0.775         
 0244    86  16.149   0.824   0.620
 0244   438  16.133   0.803         
 0245    86  17.240   1.082   0.684
 0245   438  17.237   1.039         
 0246    86  19.817   1.781         
 0246   438  19.987   1.861         
 0247    86  18.604   1.215         
 0248    86  14.448   0.918   0.126
 0248   438  14.477   0.847         
 0249    86  15.532   0.950   0.365
 0249   438  15.328   0.872         
 0250    86  16.661   1.532         
 0251    86  14.084   0.834  -0.027
 0251   438  14.030   0.848         
 0252    86  16.014   0.914   0.558
 0253    86  17.828   1.247         
 0253   438  17.781   1.229         
 0254    86  14.654   0.743   0.092
 0254   438  14.654   0.713         
 0255    86  17.479   1.632         
 0256    86  15.233   0.930   0.618
 0256   438  15.196   0.913         
 0257    86  13.518   0.773  -0.136
 0257   438  13.453   0.788         
 0258    86  16.791   1.086   0.793
 0258   438  16.763   0.864         
 0259    86  18.341   1.317         
 0259   438  18.362   1.275         
 0260    86  18.545   1.405         
 0260   438  18.568   1.287         
 0261    86  19.585   1.595         
 0261   438  19.506   1.335         
 0262    86  17.744   1.421   0.597
 0263    86  18.281   1.412         
 0264    86  18.169   1.515         
 0264   438  18.143   1.412         
 0265    86  18.490   1.338         
 0265   438  18.457   1.288         
 0266    86  18.476   1.806         
 0267    86  16.181   1.528   0.889
 0267   438  16.112   1.466         
 0268    86  12.810   0.920  -0.109
 0268   438  12.752   0.871         
 0269    86  17.097   1.023   0.655
 0269   438  16.717   1.279         
 0270    86  16.679   0.993   0.727
 0270   438  16.659   0.990         
 0271    86  14.666   1.300   1.051
 0271   438  14.646   1.299         
 0272    86  17.535   1.154   0.904
 0272   438  17.522   2.172         
 0273    86  17.161   1.208   0.967
 0273   438  17.103   1.154         
 0274    86  18.195   1.337         
 0274   438  18.134   1.253         
 0275    86  19.030   1.503         
 0275   438  19.161   1.530         
 0276    86  19.214   1.497         
 0276   438  19.186   1.612         
 0277    86  19.900   1.404         
 0278    86  19.069   1.477         
 0279    86  17.980   1.341   0.882
 0279   438  17.940   1.576         
 0280    86  16.957   1.350         
 0281    86  21.113   1.259         
 0282    86  20.184   1.379         
 0282   438  20.190   1.669         
 0283    86  14.532   0.687   0.035
 0283   438  14.493   0.646         
 0284    86  15.305   0.802   0.287
 0284   438  15.252   0.780         
 0285    86  15.349   0.712   0.332
 0285   438  15.322   0.714         
 0286    86  16.737   1.339   0.574
 0286   438  16.719   1.286         
 0287    86  18.511   1.295         
 0287   438  18.510   1.360         
 0288    86  19.190   1.787         
 0288   438  19.064   1.991         
 0289    86  17.738   1.427         
 0289   438  17.698   1.340         
 0290    86  18.238   1.341         
 0290   438  18.263   1.258         
 0292    86  14.491   0.725   0.143
 0292   438  14.484   0.689         
 0293    86  17.634   1.166   0.931
 0293   438  17.625   1.118         
 0294    86  14.667   0.844   0.087
 0294   438  14.635   0.805         
 0295    86  12.152   0.738  -0.241
 0295   438  12.102   0.746         
 0296    86  13.289   0.769  -0.150
 0296   438  13.231   0.731         
 0297    86  17.814   1.159   0.742
 0297   438  17.831   1.143         
 0298    86  14.234   0.740   0.091
 0298   438  13.955   0.865         
 0299    86  19.480   1.908         
 0299   438  19.450   1.454         
 0300    86  18.939   1.931         
 0300   438  18.946   1.862         
 0301    86  16.249   0.930   0.596
 0301   438  16.223   0.898         
 0302    86  18.907   1.508         
 0303    86  14.934   0.658   0.269
 0304    86  19.809   1.944         
 0304   438  19.873   1.665         
 0305    86  17.816   1.495         
 0305   438  17.765   1.436         
 0306    86  19.900   1.983         
 0306   438  19.660   1.811         
 0307    86  15.570   0.726   0.275
 0307   438  15.409   0.809         
 0308    86  11.926   0.600  -0.440
 0308   438  11.823   0.681         
 0309    86  19.801   2.053         
 0309   438  19.697   1.615         
 0310    86  18.467   1.056         
 0311    86  16.529   0.945   0.725
 0311   438  16.542   0.914         
 0312    86  18.649   1.336         
 0312   438  18.676   1.269         
 0313    86  17.609   1.940         
 0313   438  17.541   1.753         
 0314    86  15.321   0.784   0.478
 0314   438  14.860   0.665         
 0315    86  18.576   1.713         
 0315   438  18.519   1.661         
 0316    86  18.887   2.017         
 0316   438  18.822   1.594         
 0317    86  19.194   1.603         
 0317   438  19.183   1.531         
 0318    86  19.410   1.817         
 0318   438  19.365   1.524         
 0319    86  19.195   1.522         
 0319   438  19.162   1.484         
 0320    86  20.019   1.925         
 0321    86  18.402   1.246         
 0322    86  14.876   1.056   0.341
 0322   438  14.840   1.029         
 0323    86  17.979   1.250         
 0323   438  17.993   1.198         
 0324    86  13.029   0.716  -0.265
 0324   438  12.991   0.722         
 0325    86  16.675   0.940   0.757
 0326    86  18.394   1.131         
 0326   438  18.334   1.218         
 0327    86  19.852   1.516         
 0327   438  19.798   1.474         
 0328    86  19.542   1.504         
 0328   438  19.462   1.575         
 0329    86  16.071   0.812   0.552
 0329   438  16.055   0.787         
 0330    86  20.003   1.570         
 0330   438  20.014   1.456         
 0331    86  18.092   1.411         
 0331   438  18.057   1.244         
 0332    86  18.205   1.287   0.384
 0332   438  18.194   1.197         
 0333    86  18.479   1.375         
 0333   438  18.520   1.344         
 0334    86  17.342   1.215         
 0334   438  17.261   1.190         
 0335    86  19.367   1.303         
 0335   438  19.340   1.287         
 0336    86  14.943   0.830   0.427
 0336   438  14.911   0.787         
 0337    86  18.407   1.311         
 0338    86  18.478   1.346         
 0338   438  18.478   1.212         
 0339    86  18.178   1.331         
 0339   438  18.184   1.243         
 0340    86  16.560   0.959   0.791
 0340   438  16.435   1.046         
 0341    86  19.122   1.760         
 0341   438  19.116   1.579         
 0342    86  19.829   1.773         
 0342   438  19.883   1.716         
 0343    86  19.552   1.834         
 0343   438  19.488   1.649         
 0344    86  17.572   1.131   0.521
 0345    86  15.993   0.860   0.620
 0345   438  15.969   0.831         
 0346    86  20.191   1.674         
 0346   438  20.227   1.605         
 0347    86  18.530   1.460         
 0347   438  18.492   1.319         
 0348    86  15.142   0.791   0.186
 0348   438  15.125   0.748         
 0349    86  16.945   1.407   0.596
 0349   438  16.970   1.221         
 0350    86  19.332   1.786         
 0351    86  18.811   1.511         
 0351   438  18.778   1.472         
 0352    86  17.177   1.041   0.786
 0352   438  17.156   1.007         
 0353    86  20.411   1.790         
 0354    86  18.376   1.222   0.726
 0354   438  18.049   1.444         
 0355    86  18.758   1.817         
 0356    86  16.397   0.879   0.687
 0356   438  16.259   0.951         
 0357    86  18.941   1.459         
 0357   438  18.889   1.391         
 0358    86  19.122   1.454         
 0358   438  19.104   1.487         
 0359    86  13.481   0.670  -0.148
 0359   438  13.411   0.685         
 0360    86  16.401   0.829   0.596
 0360   438  16.357   0.842         
 0361    86  18.117   1.308   0.378
 0361   438  18.016   1.253         
 0362    86  20.024   1.502         
 0363    86  19.189   2.047         
 0363   438  19.183   2.109         
 0364    86  16.565   1.152   0.787
 0364   438  16.521   1.093         
 0365    86  15.382   1.373   0.688
 0365   438  15.378   1.286         
 0366    86  20.042   1.106         
 0366   438  20.278   1.528         
 0367    86  17.268   1.276   1.159
 0367   438  17.181   1.168         
 0368    86  19.863   1.587         
 0368   438  19.763   1.944         
 0369    86  16.178   0.906   0.614
 0369   438  16.077   0.887         
 0370    86  20.790   1.309         
 0371    86  17.644   1.065   0.507
 0372    86  15.727   0.847   0.552
 0372   438  15.713   0.810         
 0373    86  18.683   1.564         
 0373   438  18.799   2.110         
 0374    86  15.952   0.994   0.746
 0375    86  14.307   0.705   0.015
 0376    86  17.890   1.297         
 0376   438  17.826   1.221         
 0377    86  17.792   1.176   0.621
 0377   438  17.758   1.157         
 0378    86  13.361   0.783  -0.058
 0379    86  19.830   1.777         
 0379   438  19.739   1.634         
 0380    86  13.164   0.797  -0.147
 0380   438  13.101   0.735         
 0381    86  20.115   1.645         
 0381   438  20.103   1.836         
 0382    86  14.284   0.686  -0.101
 0382   438  14.253   0.676         
 0383    86  20.177   1.498         
 0384    86  17.095   1.022   0.623
 0384   438  17.103   0.989         
 0385    86  18.686   1.358         
 0385   438  18.715   1.400         
 0386    86  17.284   1.416   1.092
 0386   438  17.231   1.342         
 0387    86  18.532   1.329         
 0387   438  18.494   1.256         
 0388    86  12.960   0.803  -0.161
 0388   438  12.908   0.750         
 0389    86  16.398   1.122   0.709
 0389   438  16.386   1.081         
 0390    86  14.670   0.876   0.207
 0390   438  14.595   0.848         
 0391    86  18.708   1.443         
 0391   438  18.777   1.314         
 0392    86  19.866   1.685         
 0392   438  20.015   1.461         
 0393    86  16.670   1.863   1.363
 0393   438  16.657   1.729         
 0394    86  19.996   1.756         
 0395    86  18.455   1.376         
 0396    86  19.496   1.694         
 0397    86  19.657   1.725         
 0397   438  19.559   1.671         
 0398    86  19.351   2.190         
 0399    86  16.378   0.900   0.540
 0399   438  16.339   0.894         
 0400    86  18.851   3.002         
 0400   438  18.958   2.441         
 0401    86  18.622   1.535         
 0401   438  18.563   1.485         
 0402    86  18.863   1.403         
 0402   438  18.765   1.301         
 0403    86  16.429   0.890   0.573
 0403   438  16.423   0.855         
 0404    86  14.686   0.685  -0.027
 0404   438  14.694   0.615         
 0405    86  15.849   1.155   0.410
 0405   438  15.824   1.082         
 0406    86  19.745   1.700         
 0407    86  16.736   1.329   0.518
 0407   438  16.741   1.275         
 0408    86  17.086   1.209   0.563
 0408   438  17.023   1.040         
 0409    86  19.583   1.867         
 0409   438  19.470   1.537         
 0410    86  18.016   1.292         
 0410   438  17.933   1.490         
 0411    86  20.167   1.495         
 0412    86  13.808   0.961   0.096
 0412   438  13.833   0.846         
 0413    86  18.100   1.467         
 0413   438  17.771   1.627         
 0414    86  16.690   0.939   0.686
 0414   438  16.660   0.919         
 0415    86  17.888   1.449   0.565
 0415   438  17.869   1.364         
 0416    86  16.666   1.001   0.711
 0416   438  16.647   0.957         
 0417    86  18.626   1.521         
 0417   438  18.691   1.381         
 0418    86  17.152   1.103   1.017
 0418   438  17.162   1.089         
 0419    86  15.222   0.970   0.302
 0419   438  15.171   0.929         
 0420    86  19.065   1.453         
 0420   438  19.194   1.616         
 0421    86  19.265   1.546         
 0421   438  19.237   1.541         
 0422    86  19.672   1.674         
 0422   438  19.593   1.582         
 0423    86  18.896   1.397   0.177
 0423   438  18.986   1.177         
 0424    86  20.035   1.559         
 0424   438  20.125   1.397         
 0425    86  16.335   1.519   0.909
 0425   438  16.319   1.450         
 0426    86  16.444   1.646   1.096
 0426   438  16.407   1.536         
 0427    86  17.819   1.616         
 0427   438  17.768   1.566         
 0428    86  18.558   1.736         
 0428   438  18.466   1.402         
 0429    86  18.078   1.498         
 0429   438  18.090   1.417         
 0430    86  18.412   1.283         
 0430   438  17.765   1.896         
 0431    86  17.339   1.065   0.735
 0431   438  17.283   1.078         
 0432    86  11.583   1.195   0.787
 0433    86  19.545   1.616         
 0433   438  19.332   1.535         
 0434    86  18.463   1.283         
 0434   438  18.478   1.212         
 0435    86  17.497   1.357   0.836
 0435   438  17.389   1.239         
 0436    86  18.569   1.391   0.062
 0436   438  18.553   1.329         
 0437    86  17.489   1.127   0.861
 0437   438  17.459   1.073         
 0438    86  20.225   1.834         
 0439    86  13.203   0.645  -0.201
 0439   438  13.072   0.714         
 0440    86  15.470   0.833   0.393
 0440   438  15.466   0.775         
 0441    86  17.572   1.235   0.819
 0441   438  17.525   1.142         
 0442    86  17.803   1.099         
 0443    86  12.557   0.691  -0.315
 0443   438  12.486   0.696         
 0444    86  18.030   1.407         
 0444   438  17.954   1.388         
 0445    86  18.728   1.386         
 0445   438  18.715   1.297         
 0446    86  17.658   1.507         
 0446   438  17.485   1.558         
 0447    86  20.865   1.208         
 0448    86  18.775   1.216         
 0449    86  19.658   1.847         
 0449   438  19.646   1.510         
 0450    86  13.906   0.655  -0.112
 0450   438  13.868   0.643         
 0451    86  19.151   1.730         
 0451   438  19.079   1.516         
 0452    86  19.812   1.955         
 0452   438  19.892   1.591         
 0453    86  19.342   1.286         
 0454    86  18.096   1.393         
 0454   438  18.046   1.419         
 0455    86  18.380   1.313         
 0456    86  19.492   1.892         
 0456   438  19.507   1.633         
 0457    86  19.420   1.594         
 0457   438  19.433   1.860         
 0458    86  18.952   1.657         
 0459    86  18.719   1.374         
 0459   438  18.715   1.301         
 0460    86  16.522   1.098   0.744
 0460   438  16.494   1.053         
 0461    86  18.338   1.376   0.632
 0461   438  18.282   1.345         
 0462    86  19.110   1.912         
 0462   438  19.186   1.647         
 0463    86  19.200   1.553         
 0463   438  19.127   1.370         
 0464    86  19.945   1.557         
 0464   438  19.948   1.516         
 0465    86  19.287   1.971         
 0465   438  19.315   1.530         
 0466    86  19.161   1.395         
 0466   438  19.145   1.386         
 0467    86  19.275   1.969         
 0467   438  19.242   1.643         
 0468    86  17.103   1.109   0.842
 0468   438  17.050   1.089         
 0469    86  17.356   1.540   1.030
 0469   438  17.347   1.550         
 0470    86  19.723   1.659         
 0470   438  19.694   1.521         
 0471    86  20.955   1.553         
 0472    86  18.121   1.260   0.707
 0472   438  18.119   1.205         
 0473    86  16.951   1.147   1.015
 0473   438  16.867   1.193         
 0474    86  14.341   0.965   0.222
 0474   438  14.334   0.927         
 0475    86  19.601   1.398         
 0475   438  19.504   1.448         
 0476    86  20.512   1.471         
 0476   438  20.528   1.690         
 0477    86  18.737   1.444         
 0477   438  18.750   1.364         
 0478    86  17.454   2.109         
 0478   438  17.393   1.983         
 0479    86  18.113   1.344   0.713
 0479   438  18.060   1.532         
 0480    86  18.442   1.296   0.387
 0480   438  18.439   1.247         
 0481    86  19.931   1.477         
 0482    86  19.273   2.008         
 0482   438  19.247   1.860         
 0483    86  19.402   1.437         
 0483   438  19.310   1.574         
 0484    86  18.608   1.434         
 0484   438  18.455   1.517         
 0485    86  15.491   0.947   0.686
 0485   438  15.444   0.921         
 0486    86  18.819   1.331         
 0486   438  18.794   1.352         
 0487    86  16.979   1.066   0.679
 0487   438  16.973   1.006         
 0488    86  18.388   1.557         
 0488   438  18.519   1.228         
 0489    86  17.062   1.042   0.827
 0489   438  17.036   1.027         
 0490    86  20.509   1.627         
 0491    86  19.651   1.796         
 0492    86  17.057   1.191   0.913
 0492   438  17.036   1.140         
 0493    86  12.359   0.476   0.283
 0493   438  12.309   0.503         
 0494    86  18.084   1.380   1.050
 0494   438  18.030   1.294         
 0495    86  17.391   1.892         
 0495   438  17.365   1.814         
 0496    86  19.472   1.730         
 0496   438  19.506   1.494         
 0497    86  17.642   1.216   0.639
 0497   438  17.623   1.191         
 0498    86  16.421   0.955   0.693
 0498   438  16.358   0.927         
 0499    86  18.520   1.793         
 0499   438  18.296   1.562         
 0500    86  18.093   1.266         
 0501    86  18.466   1.379         
 0501   438  18.616   1.248         
 0502    86  18.181   1.490         
 0502   438  18.211   1.340         
 0503    86  19.024   1.461         
 0503   438  19.048   1.488         
 0504    86  16.680   1.053   0.674
 0504   438  16.646   1.047         
 0505    86  19.001   1.412         
 0505   438  18.976   1.407         
 0506    86  15.334   0.921   0.635
 0506   438  15.331   0.863         
 0507    86  19.584   1.700         
 0507   438  19.554   1.816         
 0508    86  18.782   1.411         
 0508   438  18.749   1.386         
 0509    86  17.054   1.665   0.304
 0509   438  16.954   1.029         
 0510    86  17.424   1.124   0.679
 0510   438  17.400   1.089         
 0511    86  19.150   1.453         
 0511   438  19.135   1.384         
 0512    86  17.521   1.315         
 0512   438  17.477   1.996         
 0513    86  16.307   1.087   0.929
 0514    86  19.147   1.551         
 0514   438  19.094   1.462         
 0515    86  18.870   1.565         
 0515   438  18.852   1.475         
 0516    86  19.746   1.587         
 0516   438  19.783   1.435         
 0517    86  18.837   1.373         
 0517   438  18.852   1.398         
 0518    86  19.691   1.612         
 0518   438  20.069   2.035         
 0519    86  19.657   1.646         
 0519   438  19.559   1.471         
 0520    86  20.822   1.167         
 0521    86  16.498   1.276   0.525
 0521   438  16.497   1.190         
 0522    86  16.941   2.208   0.848
 0522   438  16.941   2.066         
 0523    86  17.980   1.354   0.724
 0523   438  17.922   1.337         
 0524    86  16.871   1.358   1.205
 0524   438  16.847   1.303         
 0525    86  18.191   1.452         
 0526    86  19.591   1.534         
 0526   438  19.482   1.394         
 0527    86  18.631   1.466   0.233
 0527   438  18.692   1.324         
 0528    86  19.744   1.817         
 0528   438  19.809   1.574         
 0529    86  18.810   2.487         
 0529   438  18.985   2.202         
 0530    86  15.510   1.025   0.628
 0530   438  15.457   1.020         
 0531    86  17.900   1.266   0.596
 0531   438  17.886   1.479         
 0532    86  17.056   1.023   0.837
 0533    86  19.159   1.558         
 0533   438  19.065   1.575         
 0534    86  19.222   1.472         
 0534   438  19.185   1.366         
 0535    86  15.173   0.900   0.477
 0535   438  15.117   0.884         
 0536    86  20.302   1.908         
 0537    86  19.034   1.648         
 0537   438  18.906   1.673         
 0538    86  18.261   1.466         
 0538   438  18.241   1.406         
 0539    86  19.334   1.575         
 0539   438  19.327   1.419         
 0540    86  20.214   1.659         
 0540   438  20.219   1.329         
 0541    86  18.880   1.529         
 0541   438  18.840   1.472         
 0542    86  19.518   1.453         
 0542   438  19.478   1.407         
 0543    86  15.671   1.140   0.836
 0543   438  15.619   1.050         
 0544    86  15.890   0.922   0.652
 0544   438  15.864   0.899         
 0545    86  19.243   1.449         
 0546    86  18.817   1.576         
 0546   438  18.857   1.431         
 0547    86  19.949   2.125         
 0547   438  19.954   1.716         
 0548    86  19.646   1.670         
 0548   438  19.701   1.341         
 0549    86  19.866   1.610         
 0549   438  19.955   1.508         
 0550    86  19.503   1.600         
 0550   438  19.445   1.533         
 0551    86  18.381   1.489         
 0551   438  18.360   1.459         
 0552    86  19.002   1.498         
 0552   438  18.948   1.371         
 0553    86  20.726   1.354         
 0557   438  15.648   0.792         
 0561   438  15.411   0.934         
 0562   438  14.161   1.322         
 0563   438  14.789   0.850         
 0572   438  13.859   0.761         
 0574   438  14.327   0.959         
 0576   438  13.414   0.778         
 0577   438  15.388   0.775         
 0578   438  14.914   0.828         
 0579   438  15.336   0.823         
 0580   438  14.665   1.550         
 0581   438  15.398   0.654         
 0582   438  12.192   0.587         
 0585   438  12.292   0.548         
 0591   438  15.636   1.136         
 0592   438  15.076   0.745         
 0595   438  14.545   0.741         
 0596   438  14.800   1.172         
 0598   438  16.127   1.004         
 0601   438  15.964   0.948         
 0602   438  16.738   1.000         
 0603   438  17.156   1.716         
 0607   438  16.562   0.999         
 0609   438  16.409   0.892         
 0610   438  15.306   0.826         
 0611   438  16.040   0.806         
 0612   438  16.073   0.880         
 0613   438  15.432   1.723         
 0614   438  15.596   0.943         
 0615   438  16.960   1.444         
 0616   438  15.192   0.977         
 0617   438  16.580   1.151         
 0618   438  15.873   0.850         
 0619   438  14.925   1.611         
 0620   438  14.204   0.790         
 0621   438  14.937   0.740         
 0622   438  14.423   0.924         
 0625   438  17.146   0.972         
 0626   438  16.994   1.329         
 0627   438  16.264   0.898         
 0628   438  15.944   1.261         
 0629   438  16.221   0.903         
 0630    86  17.241   1.112   0.696
 0630   438  17.236   1.094         
 0631   438  16.917   1.076         
 0632   438  17.125   1.218         
 0633   438  16.214   1.472         
 0634   438  15.946   1.823         
 0635   438  16.306   0.851         
 0636   438  16.855   1.329         
 0637   438  16.339   1.156         
 0638   438  16.018   1.210         
 0639   438  16.828   1.048         
 0640   438  16.672   1.255         
 0641   438  14.802   0.922         
 0642   438  15.550   1.004         
 0643   438  16.957   1.003         
 0645   438  15.955   1.830         
 0647   438  17.068   1.012         
 0648   438  14.400   0.910         
 0649   438  14.391   0.950         
 0650   438  14.873   1.263         
 0651   438  14.840   1.678         
 0709   438  12.876   0.660         
 1043   438  19.906   1.805         
 1059   438  19.762   1.178         
 1313   438  20.465   1.561         
 1327   438  20.505   1.575         
 1355   438  18.142   1.222         
 1367   438  21.444  -3.051         
 1372   438  16.772   1.028         
 1385   438  18.879   1.725         
 1395   438  20.210   1.403         
 1411   438  16.358   1.288         
 1412   438  15.790   1.488         
 1413   438  18.604   1.408         
 1423   438  19.042   1.337         
 1434   438  19.108   2.260         
 1462   438  19.089   1.270         
 1465   438  19.714   1.247         
 1469   438  19.983   1.499         
 1478   438  18.097   2.146         
 1479   438  18.476   1.352         
 1481   438  18.669   1.354         
 1484   438  18.925   1.390         
 1486   438  18.394   2.262         
 1488   438  17.804   1.274         
 1489   438  19.022   2.380         
 1520   438  18.761   1.361         
 1526   438  19.440   1.582         
 1530   438  18.398   1.406         
 1535   438  18.219   1.333         
 1536   438  19.174   1.733         
 1539   438  19.970   1.546         
 1547   438  17.765   1.203         
 1549   438  19.332   1.522         
 1563   438  18.688   1.574         
 1567   438  17.177   1.403         
 1568   438  14.988   0.864         
 1574   438  19.133   1.447         
 1576   438  20.487   1.197         
 1577   438  17.586   1.279         
 1578   438  18.196   1.401         
 1581   438  19.598   1.794         
 1583   438  18.220   1.372         
 1585   438  18.490   1.340         
 1586   438  17.607   1.313         
 1592   438  20.303   1.536         
 1594   438  17.621   1.240         
 1602   438  18.803   1.444         
 1604   438  18.857   1.318         
 1610   438  17.642   1.131         
 1613   438  19.302   2.160         
 1621   438  19.887   1.414         
 1628   438  19.018   1.732         
 1630   438  18.445   1.284         
 1632   438  18.871   1.587         
 1633   438  17.018   1.180         
 1634   438  15.701   1.116         
 1638   438  17.702   1.388         
 1639   438  15.771   0.730         
 1642   438  17.917   1.216         
 1643   438  19.244   1.423         
 1646   438  18.621   1.288         
 1647   438  18.317   1.522         
 1648   438  20.416   1.541         
 1651   438  17.501   1.160         
 1652   438  17.979   1.240         
 1654   438  17.158   1.032         
 1658   438  17.677   1.094         
 1665   438  18.648   1.481         
 1668   438  19.060   1.363         
 1682   438  17.996   1.357         
 1684   438  18.840   1.413         
 1685   438  20.097   1.627         
 1687   438  18.970   1.200         
 1692   438  20.063   1.292         
 1696   438  18.566   2.221         
 1699   438  19.480   1.544         
 1702   438  18.503   1.390         
 1703   438  18.976   1.374         
 1706   438  18.284   1.281         
 1707   438  19.783   1.619         
 1712   438  17.743   1.300         
 1716   438  19.967   1.244         
 1717   438  18.389   1.248         
 1719   438  20.225   1.991         
 1721   438  19.696   1.524         
 1727   438  18.969   2.234         
 1729   438  18.918   1.646         
 1730   438  18.615   1.309         
 1736   438  18.576   1.375         
 1739   438  19.864   1.478         
 1743   438  19.141   1.396         
 1744   438  19.984   1.729         
 1747   438  19.323   1.455         
 1749   438  17.483   1.365         
 1752   438  18.442   1.452         
 1756   438  18.321   1.401         
 1758   438  17.501   1.367         
 1761   438  19.901   1.782         
 1765   438  18.956   1.402         
 1768   438  19.667   1.614         
 1771   438  19.219   1.535         
 1772   438  19.786   1.502         
 1775   438  19.580   1.254         
 1776   438  18.784   1.442         
 1779   438  17.593   1.416         
 1783   438  18.476   1.267         
 1784   438  18.411   1.324         
 1786   438  17.340   1.272         
 1788   438  19.470   1.428         
 1790   438  18.082   1.319         
 1791   438  19.876   1.725         
 1792   438  18.205   1.365         
 1794   438  19.331   1.986         
 1795   438  19.031   1.443         
 1799   438  19.356   1.517         
 1800   438  20.267   2.132         
 1801   438  19.675   1.467         
 1804   438  19.670   1.750         
 1810   438  18.667   2.268         
 1812   438  19.783   1.680         
 1813   438  19.142   1.761         
 1814   438  19.753   1.690         
 1815   438  19.790   1.633         
 1822   438  17.656   1.138         
 1827   438  19.988   1.493         
 1828   438  17.878   1.342         
 1839   438  18.006   1.293         
 1840   438  18.022   1.243         
 1846   438  20.249   1.784         
 1851   438  19.134   1.386         
 1852   438  18.993   2.249         
 1853   438  18.549   2.165         
 1857   438  19.644   1.599         
 1858   438  19.372   1.656         
 1860   438  18.135   1.347         
 1863   438  18.522   1.271         
 1864   438  19.706   1.556         
 1865   438  19.097   2.928         
 1866   438  18.474   1.325         
 1867   438  19.205   1.655         
 1868   438  18.807   1.761         
 1869   438  17.074   2.124         
 1873   438  19.564   1.465         
 1874   438  19.963   1.886         
 1879   438  19.543   1.452         
 1881   438  18.977   1.291         
 1883   438  18.630   1.877         
 1884   438  18.729   1.344         
 1885   438  18.523   1.258         
 1886   438  18.961   1.277         
 1887   438  17.968   1.331         
 1890   438  20.040   1.797         
 1891   438  15.710   0.784         
 1894   438  20.314   1.356         
 1897   438  19.556   1.457         
 1898   438  16.625   0.927         
 1901   438  18.605   1.362         
 1902   438  17.987   1.399         
 1903   438  18.470   1.329         
 1904   438  19.219   1.518         
 1905   438  19.355   2.299         
 1912   438  19.602   1.490         
 1914   438  20.536   1.831         
 1915   438  20.079   1.511         
 1922   438  18.817   1.401         
 1923   438  16.778   1.311         
 1924   438  19.992   1.627         
 1925   438  18.037   1.675         
 1926   438  17.642   1.990         
 1927   438  19.378   2.100         
 1929   438  16.318   0.985         
 1935   438  17.407   1.113         
 1936   438  20.560   1.607         
 1937   438  18.279   1.561         
 1938   438  14.926   2.116         
 1941   438  17.122   1.435         
 1943   438  18.823   1.207         
 1944   438  18.865   2.175         
 1945   438  14.932   0.850         
 1947   438  22.259  -5.021         
 1948   438  16.461   1.425         
 1949   438  18.717   1.254         
 1951   438  18.202   1.318         
 1952   438  18.405   1.349         
 1955   438  18.349   1.582         
 1957   438  18.150   1.513         
 1963   438  17.257   1.059         
 1964   438  13.110   0.710         
 1965   438  20.233   1.815         
 1966   438  17.279   1.087         
 1968   438  13.051   1.921         
 1971   438  19.684   1.559         
 1972   438  18.208   1.262         
 1974   438  17.961   1.613         
 1975   438  17.716   1.291         
 1985   438  18.137   1.201         
 1986   438  18.989   1.358         
 1987   438  19.885   1.667         
 1988   438  17.875   1.477         
 1989   438  20.054   1.262         
 1990   438  17.595   1.073         
 1991   438  18.187   1.534         
 1992   438  19.322   1.305         
 1993   438  19.425   1.340         
 1995   438  19.781   1.912         
 1996   438  19.253   1.554         
 1997   438  19.013   1.359         
 2001   438  19.631   1.752         
 2002   438  19.832   1.639         
 2004   438  18.091   1.585         
 2005   438  19.016   1.380         
 2010   438  19.522   1.601         
 2011   438  17.494   1.203         
 2012   438  18.386   1.422         
 2013   438  15.839   0.810         
 2014   438  20.143   1.658         
 2015   438  20.044   1.659         
 2019   438  18.639   1.335         
 2020   438  19.965   1.649         
 2023   438  19.984   1.747         
 2024   438  19.910   1.583         
 2025   438  18.724   1.338         
 2026   438  16.836   1.303         
 2027   438  18.162   1.344         
 2029   438  20.067   1.708         
 2031   438  18.137   1.184         
 2032   438  20.183   1.581         
 2033   438  20.115   1.434         
 2035   438  19.740   1.567         
 2037   438  15.858   1.010         
 2039   438  17.759   1.191         
 2041   438  19.003   1.387         
 2043   438  18.556   1.561         
 2045   438  18.780   1.383         
 2046   438  20.084   1.724         
 2047   438  18.780   2.506         
 2048   438  17.430   1.270         
 2049   438  19.634   1.305         
 2050   438  16.315   1.111         
 2051   438  17.721   1.261         
 2053   438  18.587   1.294         
 2054   438  18.045   1.478         
 2056   438  19.074   1.371         
 2057   438  19.482   1.587         
 2060   438  17.507   1.243         
 2061   438  18.230   1.413         
 2066   438  18.809   1.384         
 2070   438  19.413   1.711         
 2071   438  19.475   1.569         
 2072   438  19.113   1.558         
 2075   438  20.306   1.780         
 2076   438  15.797   1.063         
 2078   438  18.629   2.154         
 2081   438  19.374   1.471         
 2082   438  20.093   1.790         
 2084   438  16.638   1.301         
 2087   438  19.609   1.232         
 2088   438  17.248   1.398         
 2089   438  19.083   1.605         
 2091   438  19.114   1.544         
 2092   438  19.057   1.294         
 2093   438  20.218   1.669         
 2095   438  16.473   1.028         
 2097   438  17.910   1.994         
 2099   438  18.420   1.552         
 2101   438  18.677   1.572         
 2104   438  17.223   1.149         
 2106   438  19.587   1.731         
 2107   438  20.119   1.536         
 2108   438  17.611   1.110         
 2110   438  15.960   1.142         
 2113   438  15.102   1.162         
 2115   438  19.882   2.022         
 2120   438  20.175   1.677         
 2121   438  18.665   1.472         
 2124   438  16.864   0.989         
 2125   438  15.241   1.625         
 2126   438  20.023   1.340         
 2128   438  18.621   1.342         
 2129   438  19.068   1.698         
 2131   438  17.559   1.085         
 2132   438  14.864   1.123         
 2133   438  19.816   1.709         
 2135   438  18.344   2.049         
 2136   438  17.691   1.310         
 2137   438  20.029   1.362         
 2138   438  20.250   0.876         
 2140   438  17.777   1.840         
 2142   438  18.182   1.602         
 2143   438  17.809   1.514         
 2144   438  19.304   1.225         
 2147   438  18.462   1.356         
 2150   438  19.964   1.553         
 2151   438  18.696   1.513         
 2153   438  20.376   1.561         
 2154   438  20.216   1.873         
 2155   438  20.047   1.723         
 2156   438  17.408   1.212         
 2158   438  15.739   1.216         
 2160   438  19.211   1.341         
 2161   438  18.967   1.389         
 2164   438  19.563   1.636         
 2165   438  18.787   1.453         
 2166   438  19.139   1.650         
 2168   438  17.738   1.379         
 2169   438  16.661   0.941         
 2173   438  16.519   0.954         
 2175   438  18.929   1.422         
 2178   438  18.835   1.553         
 2179   438  19.141   1.499         
 2180   438  15.098   1.075         
 2181   438  15.991   0.831         
 2183   438  19.267   1.396         
 2184   438  20.095   1.536         
 2185   438  18.845   1.249         
 2186   438  18.879   1.439         
 2187   438  17.016   1.242         
 2188   438  20.071   1.621         
 2190   438  16.765   1.354         
 2191   438  20.445   1.581         
 2193   438  17.894   1.306         
 2194   438  17.933   1.150         
 2195   438  18.773   1.346         
 2196   438  19.066   1.890         
 2197   438  19.685   1.573         
 2198   438  18.626   1.319         
 2199   438  17.666   1.318         
 2200   438  19.285   1.440         
 2201   438  20.224   1.671         
 2202   438  17.256   1.110         
 2203   438  19.571   1.375         
 2204   438  18.619   1.316         
 2205   438  16.990   1.354         
 2213   438  17.765   1.237         
 2214   438  17.621   1.129         
 2215   438  18.257   1.503         
 2216   438  16.892   1.025         
 2218   438  17.890   1.440         
 2219   438  16.438   1.044         
 2221   438  18.377   2.184         
 2224   438  19.195   1.534         
 2226   438  20.524   1.323         
 2227   438  18.407   1.259         
 2229   438  20.125   1.799         
 2230   438  19.610   1.467         
 2233   438  19.863   1.465         
 2234   438  18.777   1.329         
 2236   438  17.806   1.182         
 2238   438  19.857   1.629         
 2239   438  16.152   1.465         
 2241   438  17.343   1.247         
 2242   438  18.522   1.342         
 2243   438  19.250   1.727         
 2244   438  19.531   1.561         
 2246   438  18.226   1.514         
 2248   438  20.038   1.574         
 2249   438  18.857   1.567         
 2251   438  17.922   1.164         
 2253   438  18.591   1.198         
 2256   438  19.629   1.689         
 2257   438  19.239   1.475         
 2258   438  18.602   1.499         
 2262   438  18.365   1.338         
 2263   438  18.478   1.394         
 2265   438  18.503   1.459         
 2266   438  17.285   1.344         
 2268   438  16.238   0.825         
 2269   438  15.760   0.880         
 2271   438  18.383   1.382         
 2272   438  19.248   2.274         
 2273   438  18.026   1.236         
 2275   438  18.784   1.248         
 2280   438  18.761   1.348         
 2281   438  15.352   0.873         
 2283   438  17.953   1.381         
 2284   438  18.569   1.367         
 2286   438  20.496   1.468         
 2289   438  19.344   1.299         
 2290   438  11.198   0.543         
 2291   438  15.739   1.471         
 2293   438  18.974   1.504         
 2294   438  18.573   1.621         
 2295   438  18.407   1.614         
 2297   438  17.544   1.517         
 2298   438  20.249   1.533         
 2299   438  16.790   1.272         
 2300   438  16.283   1.175         
 2301   438  18.518   1.336         
 2302   438  18.180   1.257         
 2303   438  17.981   1.334         
 2304   438  16.962   1.314         
 2306   438  17.703   1.168         
 2308   438  19.547   1.339         
 2309   438  17.589   1.349         
 2311   438  19.092   1.425         
 2313   438  18.157   1.236         
 2314   438  17.114   1.083         
 2315   438  16.992   1.294         
 2316   438  19.090   1.424         
 2318   438  16.938   1.193         
 2320   438  16.667   1.387         
 2321   438  17.943   3.280         
 2324   438  19.659   1.531         
 2325   438  20.156   1.746         
 2326   438  19.925   1.473         
 2327   438  19.963   1.467         
 2329   438  19.504   1.389         
 2331   438  19.669   1.598         
 2333   438  20.279   1.654         
 2334   438  20.840   1.806         
 2335   438  14.541   0.739         
 2337   438  14.091   1.114         
 2338   438  17.729   1.265         
 2340   438  17.550   1.155         
 2341   438  16.819   1.025         
 2343   438  19.584   1.498         
 2344   438  19.678   1.223         
 2346   438  19.291   1.435         
 2347   438  17.054   1.193         
 2349   438  18.434   1.572         
 2352   438  17.696   1.083         
 2353   438  20.021   1.209         
 2355   438  13.432   0.699         
 2356   438  19.427   1.412         
 2359   438  17.870   1.437         
 2361   438  16.161   0.842         
 2362   438  19.534   1.435         
 2363   438  17.547   1.272         
 2365   438  13.659   1.739         
 2366   438  20.359   1.447         
 2367   438  19.868   1.687         
 2368   438  19.828   1.484         
 2369   438  14.868   0.867         
 2372   438  20.605   1.120         
 2373   438  20.238   1.852         
 2374   438  19.776   1.677         
 2379   438  17.153   1.013         
 2380   438  18.698   1.563         
 2382   438  18.867   1.299         
 2384   438  17.671   1.597         
 2385   438  19.241   1.855         
 2386   438  20.526   1.460         
 2389   438  17.951   2.331         
 2393   438  16.378   1.889         
 2394   438  19.847   1.564         
 2395   438  20.183   1.677         
 2396   438  18.439   1.268         
 2398   438  17.858   1.185         
 2399   438  20.618   1.505         
 2400   438  17.139   1.298         
 2401   438  17.688   1.382         
 2404   438  19.011   1.502         
 2405   438  16.234   1.398         
 2408   438  18.075   1.253         
 2410   438  18.980   1.636         
 2413   438  19.604   2.062         
 2414   438  18.154   1.273         
 2415   438  17.650   1.302         
 2416   438  19.612   1.589         
 2417   438  17.815   1.217         
 2418   438  17.718   1.603         
 2419   438  13.688   0.788         
 2420   438  18.262   1.134         
 2421   438  18.548   1.375         
 2423   438  18.150   1.325         
 2425   438  18.388   1.358         
 2427   438  16.503   1.385         
 2430   438  19.846   1.851         
 2432   438  19.927   1.519         
 2434   438  18.665   1.497         
 2435   438  19.613   1.490         
 2437   438  19.301   1.466         
 2438   438  17.190   1.360         
 2439   438  19.890   1.564         
 2441   438  19.821   1.713         
 2442   438  19.953   1.534         
 2443   438  20.048   1.841         
 2446   438  16.498   0.975         
 2447   438  19.055   1.619         
 2448   438  18.777   1.402         
 2449   438  17.317   1.221         
 2450   438  18.275   1.329         
 2451   438  18.630   1.280         
 2452   438  19.609   1.383         
 2453   438  17.325   1.467         
 2454   438  18.718   1.482         
 2456   438  19.071   1.659         
 2457   438  19.606   1.671         
 2458   438  20.163   2.004         
 2459   438  19.140   1.292         
 2460   438  17.877   1.163         
 2461   438  19.139   1.578         
 2465   438  19.689   1.736         
 2467   438  18.023   1.371         
 2470   438  18.347   1.228         
 2471   438  18.829   1.335         
 2472   438  19.600   1.434         
 2474   438  18.892   1.409         
 2478   438  15.259   0.989         
 2482   438  16.511   1.061         
 2483   438  17.739   1.266         
 2484   438  19.903   1.792         
 2485   438  17.122   1.028         
 2486   438  18.074   1.921         
 2487   438  19.439   1.609         
 2488   438  18.735   1.422         
 2489   438  17.986   1.568         
 2491   438  20.074   1.868         
 2493   438  19.825   1.427         
 2494   438  18.076   1.169         
 2495   438  19.151   1.386         
 2496   438  19.312   1.411         
 2498   438  19.473   1.528         
 2499   438  19.906   1.947         
 2501   438  19.910   1.710         
 2502   438  19.355   2.152         
 2504   438  18.230   1.306         
 2507   438  20.414   1.340         
 2508   438  19.963   1.429         
 2509   438  19.300   1.665         
 2510   438  19.098   1.292         
 2511   438  19.639   1.680         
 2513   438  18.615   1.223         
 2516   438  19.932   1.944         
 2520   438  16.812   1.051         
 2521   438  17.920   1.877         
 2523   438  20.980   1.501         
 2524   438  20.064   1.405         
 2526   438  20.004   1.822         
 2528   438  17.951   1.468         
 2529   438  20.484   1.462         
 2530   438  16.103   1.053         
 2532   438  18.655   1.537         
 2535   438  18.016   2.378         
 2536   438  18.114   1.484         
 2540   438  19.250   1.668         
 2541   438  18.510   1.288         
 2547   438  19.363   1.587         
 2550   438  19.800   1.928         
 2555   438  19.902   1.368         
 2558   438  19.581   1.937         
 2561   438  16.134   1.244         
 2562   438  20.003   1.699         
 2563   438  16.025   1.111         
 2565   438  19.775   1.747         
 2569   438  19.328   1.679         
 2570   438  19.495   1.719         
 2571   438  18.699   1.414         
 2575   438  18.678   1.650         
 2578   438  18.543   1.311         
 2580   438  18.884   1.601         
 2583   438  18.794   1.631         
 2584   438  19.647   1.706         
 2587   438  18.059   1.569         
 2588   438  19.273   1.529         
 2590   438  19.807   2.041         
 2595   438  18.818   1.246         
 2598   438  18.755   1.441         
 2599   438  18.762   1.217         
 2603   438  18.860   1.710         
 2605   438  13.288   1.005         
