No    Ref    V       B-V     U-B

 0001   469  15.872   1.523   1.038
 0002   469  19.671   1.171   0.740
 0003   469  17.896   1.467   0.895
 0004   469  20.588   1.553  -0.076
 0005   469  18.265   1.049   0.530
 0006   469  19.862   1.504   0.815
 0007   469  19.812   1.365   1.206
 0008   469  20.061   1.556   2.213
 0009   469  17.861   1.340   0.991
 0010   469  19.892   1.083   0.476
 0011   469  19.843   1.598         
 0012   469  16.805   0.723   0.405
 0013   469  19.922   1.268   0.945
 0014   469  17.485   1.433   0.721
 0015   469  20.335   0.980   2.106
 0016   469  19.464   1.094   0.144
 0017   469  18.622   0.984   0.469
 0018   469  19.542   1.385   0.810
 0019   469  18.192   1.294   0.831
 0020   469  18.082   0.969   0.416
 0021   469  18.102   1.144   0.502
 0022   469  20.050   2.092   2.010
 0023   469  19.088   1.216   0.418
 0024   469  19.042   1.381   0.894
 0025   469  19.345   1.749   4.546
 0026   469  17.327   0.788   0.531
 0027   469  15.212   0.757   0.327
 0028   469  14.596   0.717   0.420
 0029   469  20.718   1.172   4.151
 0030   469  17.878   1.096   0.447
 0031   469  21.050   1.753         
 0032   469  19.074   1.153   0.381
 0033   469  16.924   1.039   0.369
 0034   469  20.403   1.534   1.251
 0035   469  19.149   1.091   0.830
 0036   469  16.467   1.110   0.779
 0037   469  14.391   1.809   1.755
 0039   469  20.580   1.427  -0.112
 0040   469  20.202   1.753   0.505
 0041   469  16.965   1.159   0.780
 0042   469  19.257   1.576   1.088
 0043   469  18.299   1.268   0.717
 0044   469  19.248   1.251   0.834
 0045   469  16.587   1.334   0.937
 0046   469  15.799   0.901   0.297
 0047   469  17.028   0.714   0.053
 0048   469  20.981   2.295  -0.489
 0049   469  19.179   1.057   0.547
 0050   469  17.567   1.133   0.459
 0051   469  14.237   0.983   0.464
 0052   469  20.823   1.428         
 0053   469  19.558   1.162   0.669
 0054   469  20.540   2.138  -0.198
 0055   469  17.722   0.999   0.387
 0056   469  17.931   1.164   0.584
 0057   469  19.539   1.511   0.294
 0058   469  19.918   1.477   1.990
 0059   469  19.151   1.330  -0.113
 0060   469  18.435   1.232   0.742
 0061   469  19.776   1.643   2.043
 0062   469  20.586   1.558   1.957
 0063   469  19.944   1.228   0.645
 0064   469  18.492   1.542   1.008
 0065   469  13.577   1.230   1.061
 0066   469  19.550   1.942   0.610
 0067   469  19.866   1.972   0.988
 0068   469  18.783   1.285   0.632
 0069   469  19.607   1.803   2.435
 0070   469  20.809   2.363   2.182
 0071   469  18.482   1.100   0.569
 0072   469  18.422   1.112   0.610
 0073   469  19.605   1.407   0.802
 0074   469  18.347   1.161   0.693
 0075   469  20.704   2.219  -0.181
 0076   469  16.561   0.759   0.165
 0077   469  20.194   1.711   0.623
 0078   469  15.685   0.672  -0.073
 0079   469  19.479   1.099   0.475
 0080   469  20.227   1.212   1.302
 0081   469  20.238   1.596   1.322
 0082   469  19.265   1.227   0.507
 0083   469  19.170   0.999   0.744
 0084   469  13.509   2.070   2.449
 0085   469  21.213   4.320  -1.479
 0086   469  19.135   1.258   0.395
 0087   469  13.959   0.934   0.406
 0088   469  20.623   1.422   0.129
 0089   469  19.690   1.249   0.519
 0090   469  20.425   1.258   0.184
 0091   469  15.074   0.998   0.403
 0092   469  19.790   0.900  -0.288
 0093   469  19.471   1.200   0.301
 0094   469  19.389   1.248   0.267
 0095   469  18.897   0.695  -0.380
 0096   469  18.386   1.337   0.684
 0097   469  19.056   1.277   0.469
 0098   469  15.508   0.676   0.069
 0099   469  18.854   1.062   0.291
 0100   469  17.038   1.031   0.394
 0101   469  13.393   0.623  -1.054
 0102   469  16.369   0.637   0.272
 0103   469  15.703   2.290   2.778
 0104   469  20.115   1.190   0.512
 0105   469  13.396   0.631  -0.619
 0106   469  17.849   0.853   0.429
 0107   469  18.536   1.838   1.637
 0108   469  18.416   0.853   0.564
 0109   469  15.834   1.664   1.294
 0110   469  19.747   1.561   2.054
 0111   469  20.352   1.635         
 0112   469  20.615   1.427   0.145
 0113   469  17.959   1.029   0.367
 0114   469  18.882   1.699   1.039
 0115   469  16.905   0.897   0.528
 0116   469  15.682   0.688   0.027
 0117   469  20.375   1.458   0.757
 0118   469  20.226   1.376   0.867
 0119   469  18.498   1.205   0.555
 0120   469  17.809   1.042   0.481
 0121   469  20.468   2.699         
 0122   469  19.356   0.970   0.598
 0123   469  18.957   1.038   0.625
 0124   469  20.381   1.942   0.342
 0125   469  19.603   1.751         
 0126   469  17.155   0.683   0.143
 0127   469  16.252   1.165   0.864
 0128   469  19.744   1.809         
 0129   469  18.599   0.965   0.460
 0130   469  14.097   0.625  -0.094
 0131   469  20.842   1.623   2.772
 0132   469  18.006   2.928   1.748
 0133   469  20.094   1.167   0.085
 0134   469  18.779   1.297   0.836
 0135   469  15.670   1.020   0.484
 0136   469  16.698   0.708   0.110
 0137   469  16.481   1.567   1.217
 0138   469  18.463   0.876   0.387
 0139   469  20.256   2.118   0.633
 0140   469  20.446   1.106   1.770
 0141   469  19.423   1.361   1.282
 0142   469  18.897   0.968   0.730
 0143   469  19.600   1.248   0.270
 0144   469  19.039   1.363   0.533
 0145   469  19.547   1.081   1.035
 0146   469  18.760   1.382   0.976
 0147   469  20.206   1.143   1.176
 0148   469  18.711   1.300   1.000
 0149   469  19.399   1.288   1.085
 0150   469  18.747   1.414   1.627
 0151   469  20.442   1.393   0.559
 0152   469  20.589   1.207   0.676
 0153   469  19.709   1.790   1.081
 0154   469  20.573   2.163   3.108
 0155   469  20.817   1.564   3.174
 0156   469  17.819   1.003   0.569
 0157   469  17.671   1.032   0.702
 0158   469  19.286   1.078   0.913
 0159   469  18.798   0.993   0.622
 0160   469  18.816   1.111   0.700
 0161   469  19.867   1.355   0.184
 0162   469  20.254   2.385  -5.970
 0163   469  18.636   1.098   0.722
 0164   469  17.365   0.866   0.260
 0165   469  20.571   1.188  -0.362
 0166   469  19.287   1.077   0.544
 0167   469  21.186   2.342         
 0168   469  15.958   0.762   0.163
 0169   469  19.248   1.076   0.674
 0170   469  17.711   1.101   0.470
 0171   469  16.150   1.061   0.492
 0172   469  17.091   0.854   0.273
 0173   469  17.466   1.091   0.535
 0174   469  19.020   1.416   1.092
 0175   469  17.810   1.003   0.497
 0176   469  16.082   0.942   0.575
 0177   469  19.856   1.198   0.234
 0178   469  15.764   1.488   1.006
 0179   469  20.092   1.366   1.634
 0180   469  20.298   1.324   0.120
 0181   469  18.956   1.443   0.942
 0182   469  19.946   1.265   0.661
 0183   469  19.759   1.234   0.692
 0184   469  19.296   1.222   0.416
 0185   469  14.979   1.407   0.928
 0186   469  20.122   1.478   0.562
 0187   469  19.765   1.081   0.792
 0188   469  17.304   1.031   0.475
 0189   469  17.980   0.961   0.532
 0190   469  18.373   1.152   0.533
 0191   469  18.990   1.119   0.393
 0192   469  20.590   1.538   1.141
 0193   469  19.978   1.427   1.334
 0194   469  20.342   1.250   0.911
 0195   469  18.682   1.045   0.332
 0196   469  19.888   1.264   0.726
 0197   469  18.930   0.962   0.762
 0198   469  18.159   1.569   1.378
 0199   469  20.286   1.135   0.617
 0200   469  18.971   1.120   0.764
 0201   469  20.148   1.377   0.450
 0202   469  22.074   2.900  -2.756
 0203   469  20.273   1.482   1.062
 0204   469  19.807   1.081   0.428
 0205   469  16.057   1.046   0.501
 0206   469  20.840   1.279   2.403
 0207   469  20.183   0.540  -0.071
